Channels Energies Detected_Value
0 0.00 0.00
1 1.00 1652.00
2 2.00 1682.00
3 3.00 1640.00
4 4.00 1669.00
5 5.00 1674.00
6 6.00 1666.00
7 7.00 1627.00
8 8.00 1553.00
9 9.00 1611.00
10 10.00 1626.00
11 11.00 1630.00
12 12.00 1632.00
13 13.00 1607.00
14 14.00 1555.00
15 15.00 1617.00
16 16.00 1572.00
17 17.00 1639.00
18 18.00 1594.00
19 19.00 1616.00
20 20.00 1645.00
21 21.00 1549.00
22 22.00 1601.00
23 23.00 1609.00
24 24.00 1515.00
25 25.00 1610.00
26 26.00 1612.00
27 27.00 1540.00
28 28.00 1617.00
29 29.00 1550.00
30 30.00 1592.00
31 31.00 1513.00
32 32.00 1588.00
33 33.00 1537.00
34 34.00 1546.00
35 35.00 1610.00
36 36.00 1598.00
37 37.00 1603.00
38 38.00 1607.00
39 39.00 1645.00
40 40.00 1543.00
41 41.00 1523.00
42 42.00 1612.00
43 43.00 1515.00
44 44.00 1667.00
45 45.00 1692.00
46 46.00 1559.00
47 47.00 1627.00
48 48.00 1555.00
49 49.00 1530.00
50 50.00 1556.00
51 51.00 1519.00
52 52.00 1532.00
53 53.00 1562.00
54 54.00 1521.00
55 55.00 1506.00
56 56.00 1548.00
57 57.00 1523.00
58 58.00 1510.00
59 59.00 1624.00
60 60.00 1616.00
61 61.00 1592.00
62 62.00 1536.00
63 63.00 1545.00
64 64.00 1535.00
65 65.00 1538.00
66 66.00 1522.00
67 67.00 1543.00
68 68.00 1537.00
69 69.00 1586.00
70 70.00 1567.00
71 71.00 1515.00
72 72.00 1450.00
73 73.00 1542.00
74 74.00 1500.00
75 75.00 1515.00
76 76.00 1496.00
77 77.00 1530.00
78 78.00 1538.00
79 79.00 1463.00
80 80.00 1546.00
81 81.00 1531.00
82 82.00 1511.00
83 83.00 1529.00
84 84.00 1526.00
85 85.00 1521.00
86 86.00 1427.00
87 87.00 1537.00
88 88.00 1502.00
89 89.00 1547.00
90 90.00 1468.00
91 91.00 1527.00
92 92.00 1491.00
93 93.00 1528.00
94 94.00 1524.00
95 95.00 1477.00
96 96.00 1484.00
97 97.00 1455.00
98 98.00 1465.00
99 99.00 1511.00
100 100.00 1501.00
101 101.00 1512.00
102 102.00 1472.00
103 103.00 1501.00
104 104.00 1482.00
105 105.00 1552.00
106 106.00 1481.00
107 107.00 1453.00
108 108.00 1462.00
109 109.00 1469.00
110 110.00 1437.00
111 111.00 1602.00
112 112.00 1445.00
113 113.00 1591.00
114 114.00 1524.00
115 115.00 1462.00
116 116.00 1458.00
117 117.00 1466.00
118 118.00 1457.00
119 119.00 1467.00
120 120.00 1510.00
121 121.00 1470.00
122 122.00 1525.00
123 123.00 1471.00
124 124.00 1497.00
125 125.00 1551.00
126 126.00 1539.00
127 127.00 1463.00
128 128.00 1395.00
129 129.00 1460.00
130 130.00 1456.00
131 131.00 1474.00
132 132.00 1475.00
133 133.00 1461.00
134 134.00 1489.00
135 135.00 1435.00
136 136.00 1578.00
137 137.00 1497.00
138 138.00 1451.00
139 139.00 1444.00
140 140.00 1541.00
141 141.00 1436.00
142 142.00 1501.00
143 143.00 1411.00
144 144.00 1418.00
145 145.00 1490.00
146 146.00 1511.00
147 147.00 1397.00
148 148.00 1515.00
149 149.00 1457.00
150 150.00 1453.00
151 151.00 1495.00
152 152.00 1512.00
153 153.00 1459.00
154 154.00 1494.00
155 155.00 1438.00
156 156.00 1522.00
157 157.00 1509.00
158 158.00 1538.00
159 159.00 1453.00
160 160.00 1479.00
161 161.00 1453.00
162 162.00 1511.00
163 163.00 1474.00
164 164.00 1482.00
165 165.00 1525.00
166 166.00 1484.00
167 167.00 1453.00
168 168.00 1562.00
169 169.00 1452.00
170 170.00 1504.00
171 171.00 1399.00
172 172.00 1461.00
173 173.00 1425.00
174 174.00 1518.00
175 175.00 1400.00
176 176.00 1441.00
177 177.00 1414.00
178 178.00 1425.00
179 179.00 1508.00
180 180.00 1468.00
181 181.00 1515.00
182 182.00 1490.00
183 183.00 1411.00
184 184.00 1477.00
185 185.00 1463.00
186 186.00 1389.00
187 187.00 1500.00
188 188.00 1426.00
189 189.00 1427.00
190 190.00 1435.00
191 191.00 1470.00
192 192.00 1477.00
193 193.00 1533.00
194 194.00 1457.00
195 195.00 1466.00
196 196.00 1477.00
197 197.00 1477.00
198 198.00 1512.00
199 199.00 1466.00
200 200.00 1462.00
201 201.00 1477.00
202 202.00 1449.00
203 203.00 1440.00
204 204.00 1533.00
205 205.00 1478.00
206 206.00 1471.00
207 207.00 1493.00
208 208.00 1442.00
209 209.00 1449.00
210 210.00 1476.00
211 211.00 1447.00
212 212.00 1433.00
213 213.00 1480.00
214 214.00 1466.00
215 215.00 1493.00
216 216.00 1502.00
217 217.00 1364.00
218 218.00 1454.00
219 219.00 1487.00
220 220.00 1526.00
221 221.00 1515.00
222 222.00 1436.00
223 223.00 1445.00
224 224.00 1499.00
225 225.00 1578.00
226 226.00 1436.00
227 227.00 1517.00
228 228.00 1534.00
229 229.00 1457.00
230 230.00 1466.00
231 231.00 1475.00
232 232.00 1435.00
233 233.00 1454.00
234 234.00 1504.00
235 235.00 1450.00
236 236.00 1528.00
237 237.00 1536.00
238 238.00 1424.00
239 239.00 1513.00
240 240.00 1498.00
241 241.00 1467.00
242 242.00 1504.00
243 243.00 1545.00
244 244.00 1544.00
245 245.00 1459.00
246 246.00 1450.00
247 247.00 1516.00
248 248.00 1584.00
249 249.00 1428.00
250 250.00 1437.00
251 251.00 1527.00
252 252.00 1530.00
253 253.00 1513.00
254 254.00 1511.00
255 255.00 1470.00
256 256.00 1563.00
257 257.00 1540.00
258 258.00 1549.00
259 259.00 1500.00
260 260.00 1517.00
261 261.00 1512.00
262 262.00 1584.00
263 263.00 1548.00
264 264.00 1522.00
265 265.00 1548.00
266 266.00 1454.00
267 267.00 1488.00
268 268.00 1475.00
269 269.00 1512.00
270 270.00 1499.00
271 271.00 1564.00
272 272.00 1453.00
273 273.00 1517.00
274 274.00 1529.00
275 275.00 1494.00
276 276.00 1564.00
277 277.00 1561.00
278 278.00 1539.00
279 279.00 1492.00
280 280.00 1571.00
281 281.00 1595.00
282 282.00 1483.00
283 283.00 1544.00
284 284.00 1546.00
285 285.00 1541.00
286 286.00 1539.00
287 287.00 1583.00
288 288.00 1614.00
289 289.00 1533.00
290 290.00 1585.00
291 291.00 1565.00
292 292.00 1571.00
293 293.00 1571.00
294 294.00 1559.00
295 295.00 1589.00
296 296.00 1529.00
297 297.00 1594.00
298 298.00 1560.00
299 299.00 1544.00
300 300.00 1575.00
301 301.00 1619.00
302 302.00 1576.00
303 303.00 1553.00
304 304.00 1558.00
305 305.00 1619.00
306 306.00 1552.00
307 307.00 1595.00
308 308.00 1649.00
309 309.00 1618.00
310 310.00 1561.00
311 311.00 1584.00
312 312.00 1601.00
313 313.00 1583.00
314 314.00 1532.00
315 315.00 1555.00
316 316.00 1656.00
317 317.00 1604.00
318 318.00 1528.00
319 319.00 1624.00
320 320.00 1609.00
321 321.00 1672.00
322 322.00 1598.00
323 323.00 1602.00
324 324.00 1607.00
325 325.00 1588.00
326 326.00 1585.00
327 327.00 1617.00
328 328.00 1723.00
329 329.00 1667.00
330 330.00 1700.00
331 331.00 1588.00
332 332.00 1622.00
333 333.00 1586.00
334 334.00 1609.00
335 335.00 1698.00
336 336.00 1616.00
337 337.00 1650.00
338 338.00 1716.00
339 339.00 1621.00
340 340.00 1655.00
341 341.00 1606.00
342 342.00 1657.00
343 343.00 1704.00
344 344.00 1681.00
345 345.00 1617.00
346 346.00 1680.00
347 347.00 1606.00
348 348.00 1677.00
349 349.00 1627.00
350 350.00 1676.00
351 351.00 1643.00
352 352.00 1650.00
353 353.00 1640.00
354 354.00 1674.00
355 355.00 1659.00
356 356.00 1660.00
357 357.00 1673.00
358 358.00 1681.00
359 359.00 1604.00
360 360.00 1661.00
361 361.00 1643.00
362 362.00 1746.00
363 363.00 1678.00
364 364.00 1627.00
365 365.00 1777.00
366 366.00 1727.00
367 367.00 1696.00
368 368.00 1750.00
369 369.00 1756.00
370 370.00 1675.00
371 371.00 1720.00
372 372.00 1688.00
373 373.00 1746.00
374 374.00 1652.00
375 375.00 1696.00
376 376.00 1788.00
377 377.00 1714.00
378 378.00 1727.00
379 379.00 1763.00
380 380.00 1771.00
381 381.00 1809.00
382 382.00 1810.00
383 383.00 1805.00
384 384.00 1699.00
385 385.00 1710.00
386 386.00 1810.00
387 387.00 1773.00
388 388.00 1770.00
389 389.00 1774.00
390 390.00 1736.00
391 391.00 1794.00
392 392.00 1821.00
393 393.00 1838.00
394 394.00 1840.00
395 395.00 1761.00
396 396.00 1835.00
397 397.00 1778.00
398 398.00 1751.00
399 399.00 1872.00
400 400.00 1722.00
401 401.00 1811.00
402 402.00 1793.00
403 403.00 1797.00
404 404.00 1817.00
405 405.00 1882.00
406 406.00 1801.00
407 407.00 1838.00
408 408.00 1846.00
409 409.00 1809.00
410 410.00 1789.00
411 411.00 1844.00
412 412.00 1784.00
413 413.00 1810.00
414 414.00 1853.00
415 415.00 1842.00
416 416.00 1901.00
417 417.00 1811.00
418 418.00 1903.00
419 419.00 1806.00
420 420.00 1900.00
421 421.00 1875.00
422 422.00 1867.00
423 423.00 1857.00
424 424.00 1964.00
425 425.00 1828.00
426 426.00 1918.00
427 427.00 1792.00
428 428.00 1873.00
429 429.00 1933.00
430 430.00 1805.00
431 431.00 1882.00
432 432.00 1967.00
433 433.00 1970.00
434 434.00 1931.00
435 435.00 1956.00
436 436.00 1929.00
437 437.00 1885.00
438 438.00 1949.00
439 439.00 1915.00
440 440.00 1991.00
441 441.00 1989.00
442 442.00 1913.00
443 443.00 1950.00
444 444.00 2021.00
445 445.00 2001.00
446 446.00 2037.00
447 447.00 1973.00
448 448.00 1960.00
449 449.00 2039.00
450 450.00 2043.00
451 451.00 2024.00
452 452.00 1996.00
453 453.00 2026.00
454 454.00 1993.00
455 455.00 1963.00
456 456.00 2048.00
457 457.00 1973.00
458 458.00 2053.00
459 459.00 2074.00
460 460.00 2040.00
461 461.00 2057.00
462 462.00 1993.00
463 463.00 2031.00
464 464.00 1984.00
465 465.00 2012.00
466 466.00 2093.00
467 467.00 2063.00
468 468.00 2032.00
469 469.00 2153.00
470 470.00 2133.00
471 471.00 2060.00
472 472.00 2141.00
473 473.00 1990.00
474 474.00 1992.00
475 475.00 2164.00
476 476.00 2058.00
477 477.00 2097.00
478 478.00 0.00
479 479.00 0.00
480 480.00 0.00
481 481.00 0.00
482 482.00 0.00
483 483.00 0.00
484 484.00 0.00
485 485.00 0.00
486 486.00 0.00
487 487.00 0.00
488 488.00 0.00
489 489.00 0.00
490 490.00 0.00
491 491.00 0.00
492 492.00 0.00
493 493.00 0.00
494 494.00 0.00
495 495.00 0.00
496 496.00 0.00
497 497.00 0.00
498 498.00 0.00
499 499.00 0.00
500 500.00 0.00
501 501.00 0.00
502 502.00 0.00
503 503.00 0.00
504 504.00 0.00
505 505.00 0.00
506 506.00 0.00
507 507.00 0.00
508 508.00 0.00
509 509.00 0.00
510 510.00 0.00
511 511.00 0.00
512 512.00 0.00
513 513.00 0.00
514 514.00 0.00
515 515.00 0.00
516 516.00 0.00
517 517.00 0.00
518 518.00 0.00
519 519.00 0.00
520 520.00 0.00
521 521.00 0.00
522 522.00 0.00
523 523.00 0.00
524 524.00 0.00
525 525.00 0.00
526 526.00 0.00
527 527.00 0.00
528 528.00 0.00
529 529.00 0.00
530 530.00 0.00
531 531.00 0.00
532 532.00 0.00
533 533.00 0.00
534 534.00 0.00
535 535.00 0.00
536 536.00 0.00
537 537.00 0.00
538 538.00 0.00
539 539.00 0.00
540 540.00 0.00
541 541.00 0.00
542 542.00 0.00
543 543.00 0.00
544 544.00 0.00
545 545.00 0.00
546 546.00 0.00
547 547.00 0.00
548 548.00 0.00
549 549.00 0.00
550 550.00 0.00
551 551.00 0.00
552 552.00 0.00
553 553.00 0.00
554 554.00 0.00
555 555.00 0.00
556 556.00 0.00
557 557.00 0.00
558 558.00 0.00
559 559.00 0.00
560 560.00 0.00
561 561.00 0.00
562 562.00 0.00
563 563.00 0.00
564 564.00 0.00
565 565.00 0.00
566 566.00 0.00
567 567.00 0.00
568 568.00 0.00
569 569.00 0.00
570 570.00 0.00
571 571.00 0.00
572 572.00 0.00
573 573.00 0.00
574 574.00 0.00
575 575.00 0.00
576 576.00 0.00
577 577.00 0.00
578 578.00 0.00
579 579.00 0.00
580 580.00 0.00
581 581.00 0.00
582 582.00 0.00
583 583.00 0.00
584 584.00 0.00
585 585.00 0.00
586 586.00 0.00
587 587.00 0.00
588 588.00 0.00
589 589.00 0.00
590 590.00 0.00
591 591.00 0.00
592 592.00 0.00
593 593.00 0.00
594 594.00 0.00
595 595.00 0.00
596 596.00 0.00
597 597.00 0.00
598 598.00 0.00
599 599.00 0.00
600 600.00 0.00
601 601.00 0.00
602 602.00 0.00
603 603.00 0.00
604 604.00 0.00
605 605.00 0.00
606 606.00 0.00
607 607.00 0.00
608 608.00 0.00
609 609.00 0.00
610 610.00 0.00
611 611.00 0.00
612 612.00 0.00
613 613.00 0.00
614 614.00 0.00
615 615.00 0.00
616 616.00 0.00
617 617.00 0.00
618 618.00 0.00
619 619.00 0.00
620 620.00 0.00
621 621.00 0.00
622 622.00 0.00
623 623.00 0.00
624 624.00 0.00
625 625.00 0.00
626 626.00 0.00
627 627.00 0.00
628 628.00 0.00
629 629.00 0.00
630 630.00 0.00
631 631.00 0.00
632 632.00 0.00
633 633.00 0.00
634 634.00 0.00
635 635.00 0.00
636 636.00 0.00
637 637.00 0.00
638 638.00 0.00
639 639.00 0.00
640 640.00 0.00
641 641.00 0.00
642 642.00 0.00
643 643.00 0.00
644 644.00 0.00
645 645.00 0.00
646 646.00 0.00
647 647.00 0.00
648 648.00 0.00
649 649.00 0.00
650 650.00 0.00
651 651.00 0.00
652 652.00 0.00
653 653.00 0.00
654 654.00 0.00
655 655.00 0.00
656 656.00 0.00
657 657.00 0.00
658 658.00 0.00
659 659.00 0.00
660 660.00 0.00
661 661.00 0.00
662 662.00 101526.00
663 663.00 0.00
664 664.00 0.00
665 665.00 0.00
666 666.00 0.00
667 667.00 0.00
668 668.00 0.00
669 669.00 0.00
670 670.00 0.00
671 671.00 0.00
672 672.00 0.00
673 673.00 0.00
674 674.00 0.00
675 675.00 0.00
676 676.00 0.00
677 677.00 0.00
678 678.00 0.00
679 679.00 0.00
680 680.00 0.00
681 681.00 0.00
682 682.00 0.00
683 683.00 0.00
684 684.00 0.00
685 685.00 0.00
686 686.00 0.00
687 687.00 0.00
688 688.00 0.00
689 689.00 0.00
690 690.00 0.00
691 691.00 0.00
692 692.00 0.00
693 693.00 0.00
694 694.00 0.00
695 695.00 0.00
696 696.00 0.00
697 697.00 0.00
698 698.00 0.00
699 699.00 0.00
700 700.00 0.00
701 701.00 0.00
702 702.00 0.00
703 703.00 0.00
704 704.00 0.00
705 705.00 0.00
706 706.00 0.00
707 707.00 0.00
708 708.00 0.00
709 709.00 0.00
710 710.00 0.00
711 711.00 0.00
712 712.00 0.00
713 713.00 0.00
714 714.00 0.00
715 715.00 0.00
716 716.00 0.00
717 717.00 0.00
718 718.00 0.00
719 719.00 0.00
720 720.00 0.00
721 721.00 0.00
722 722.00 0.00
723 723.00 0.00
724 724.00 0.00
725 725.00 0.00
726 726.00 0.00
727 727.00 0.00
728 728.00 0.00
729 729.00 0.00
730 730.00 0.00
731 731.00 0.00
732 732.00 0.00
733 733.00 0.00
734 734.00 0.00
735 735.00 0.00
736 736.00 0.00
737 737.00 0.00
738 738.00 0.00
739 739.00 0.00
740 740.00 0.00
741 741.00 0.00
742 742.00 0.00
743 743.00 0.00
744 744.00 0.00
745 745.00 0.00
746 746.00 0.00
747 747.00 0.00
748 748.00 0.00
749 749.00 0.00
750 750.00 0.00
751 751.00 0.00
752 752.00 0.00
753 753.00 0.00
754 754.00 0.00
755 755.00 0.00
756 756.00 0.00
757 757.00 0.00
758 758.00 0.00
759 759.00 0.00
760 760.00 0.00
761 761.00 0.00
762 762.00 0.00
763 763.00 0.00
764 764.00 0.00
765 765.00 0.00
766 766.00 0.00
767 767.00 0.00
768 768.00 0.00
769 769.00 0.00
770 770.00 0.00
771 771.00 0.00
772 772.00 0.00
773 773.00 0.00
774 774.00 0.00
775 775.00 0.00
776 776.00 0.00
777 777.00 0.00
778 778.00 0.00
779 779.00 0.00
780 780.00 0.00
781 781.00 0.00
782 782.00 0.00
783 783.00 0.00
784 784.00 0.00
785 785.00 0.00
786 786.00 0.00
787 787.00 0.00
788 788.00 0.00
789 789.00 0.00
790 790.00 0.00
791 791.00 0.00
792 792.00 0.00
793 793.00 0.00
794 794.00 0.00
795 795.00 0.00
796 796.00 0.00
797 797.00 0.00
798 798.00 0.00
799 799.00 0.00
800 800.00 0.00
801 801.00 0.00
802 802.00 0.00
803 803.00 0.00
804 804.00 0.00
805 805.00 0.00
806 806.00 0.00
807 807.00 0.00
808 808.00 0.00
809 809.00 0.00
810 810.00 0.00
811 811.00 0.00
812 812.00 0.00
813 813.00 0.00
814 814.00 0.00
815 815.00 0.00
816 816.00 0.00
817 817.00 0.00
818 818.00 0.00
819 819.00 0.00
820 820.00 0.00
821 821.00 0.00
822 822.00 0.00
823 823.00 0.00
824 824.00 0.00
825 825.00 0.00
826 826.00 0.00
827 827.00 0.00
828 828.00 0.00
829 829.00 0.00
830 830.00 0.00
831 831.00 0.00
832 832.00 0.00
833 833.00 0.00
834 834.00 0.00
835 835.00 0.00
836 836.00 0.00
837 837.00 0.00
838 838.00 0.00
839 839.00 0.00
840 840.00 0.00
841 841.00 0.00
842 842.00 0.00
843 843.00 0.00
844 844.00 0.00
845 845.00 0.00
846 846.00 0.00
847 847.00 0.00
848 848.00 0.00
849 849.00 0.00
850 850.00 0.00
851 851.00 0.00
852 852.00 0.00
853 853.00 0.00
854 854.00 0.00
855 855.00 0.00
856 856.00 0.00
857 857.00 0.00
858 858.00 0.00
859 859.00 0.00
860 860.00 0.00
861 861.00 0.00
862 862.00 0.00
863 863.00 0.00
864 864.00 0.00
865 865.00 0.00
866 866.00 0.00
867 867.00 0.00
868 868.00 0.00
869 869.00 0.00
870 870.00 0.00
871 871.00 0.00
872 872.00 0.00
873 873.00 0.00
874 874.00 0.00
875 875.00 0.00
876 876.00 0.00
877 877.00 0.00
878 878.00 0.00
879 879.00 0.00
880 880.00 0.00
881 881.00 0.00
882 882.00 0.00
883 883.00 0.00
884 884.00 0.00
885 885.00 0.00
886 886.00 0.00
887 887.00 0.00
888 888.00 0.00
889 889.00 0.00
890 890.00 0.00
891 891.00 0.00
892 892.00 0.00
893 893.00 0.00
894 894.00 0.00
895 895.00 0.00
896 896.00 0.00
897 897.00 0.00
898 898.00 0.00
899 899.00 0.00
900 900.00 0.00
901 901.00 0.00
902 902.00 0.00
903 903.00 0.00
904 904.00 0.00
905 905.00 0.00
906 906.00 0.00
907 907.00 0.00
908 908.00 0.00
909 909.00 0.00
910 910.00 0.00
911 911.00 0.00
912 912.00 0.00
913 913.00 0.00
914 914.00 0.00
915 915.00 0.00
916 916.00 0.00
917 917.00 0.00
918 918.00 0.00
919 919.00 0.00
920 920.00 0.00
921 921.00 0.00
922 922.00 0.00
923 923.00 0.00
924 924.00 0.00
925 925.00 0.00
926 926.00 0.00
927 927.00 0.00
928 928.00 0.00
929 929.00 0.00
930 930.00 0.00
931 931.00 0.00
932 932.00 0.00
933 933.00 0.00
934 934.00 0.00
935 935.00 0.00
936 936.00 0.00
937 937.00 0.00
938 938.00 0.00
939 939.00 0.00
940 940.00 0.00
941 941.00 0.00
942 942.00 0.00
943 943.00 0.00
944 944.00 0.00
945 945.00 0.00
946 946.00 0.00
947 947.00 0.00
948 948.00 0.00
949 949.00 0.00
950 950.00 0.00
951 951.00 0.00
952 952.00 0.00
953 953.00 0.00
954 954.00 0.00
955 955.00 0.00
956 956.00 0.00
957 957.00 0.00
958 958.00 0.00
959 959.00 0.00
960 960.00 0.00
961 961.00 0.00
962 962.00 0.00
963 963.00 0.00
964 964.00 0.00
965 965.00 0.00
966 966.00 0.00
967 967.00 0.00
968 968.00 0.00
969 969.00 0.00
970 970.00 0.00
971 971.00 0.00
972 972.00 0.00
973 973.00 0.00
974 974.00 0.00
975 975.00 0.00
976 976.00 0.00
977 977.00 0.00
978 978.00 0.00
979 979.00 0.00
980 980.00 0.00
981 981.00 0.00
982 982.00 0.00
983 983.00 0.00
984 984.00 0.00
985 985.00 0.00
986 986.00 0.00
987 987.00 0.00
988 988.00 0.00
989 989.00 0.00
990 990.00 0.00
991 991.00 0.00
992 992.00 0.00
993 993.00 0.00
994 994.00 0.00
995 995.00 0.00
996 996.00 0.00
997 997.00 0.00
998 998.00 0.00
999 999.00 0.00
1000 1000.00 0.00
